1 1 0.083721
1 2 -0.095981
1 3 0.006735
1 4 0.052171
1 5 -0.050262
1 6 0.056859
1 7 0.028882
1 8 -0.104644
1 9 -0.008720
1 10 0.040598
1 11 -0.108099
1 12 -0.005313
1 13 -0.083275
1 14 -0.023810
1 15 0.038968
1 16 -0.056986
1 17 -0.065035
1 18 0.070374
1 19 0.039737
1 20 0.000728
1 21 -0.030367
1 22 -0.021497
1 23 -0.027259
1 24 0.109174
1 25 -0.085262
1 26 0.102956
1 27 0.002524
1 28 -0.008103
1 29 0.028272
1 30 -0.050799
1 31 0.109636
1 32 -0.041575
1 33 0.021338
1 34 -0.077477
1 35 -0.109713
1 36 -0.059805
1 37 0.099017
1 38 0.027285
1 39 -0.104169
1 40 -0.093117
1 41 0.033609
1 42 -0.037289
1 43 -0.109832
1 44 0.064530
1 45 -0.108098
1 46 -0.034532
1 47 0.013957
1 48 0.074225
1 49 -0.072903
1 50 -0.071177
1 51 -0.072392
1 52 0.037572
1 53 0.077390
1 54 -0.048019
1 55 0.034783
1 56 -0.043470
1 57 0.030210
1 58 0.035217
1 59 0.083385
1 60 -0.096630
1 61 0.073723
1 62 0.055147
1 63 0.014674
1 64 -0.067654
1 65 -0.062928
1 66 -0.053591
1 67 0.083471
1 68 -0.018061
1 69 0.035123
1 70 -0.079654
1 71 0.102032
1 72 -0.080106
1 73 0.091174
1 74 0.071075
1 75 -0.093625
1 76 0.026341
1 77 0.087099
1 78 0.088473
1 79 0.077916
1 80 -0.027655
2 1 -0.105133
2 2 -0.027488
2 3 0.077427
2 4 -0.065581
2 5 0.029436
2 6 -0.084842
2 7 -0.087866
2 8 -0.033163
2 9 -0.033145
2 10 0.017652
2 11 -0.051261
2 12 -0.108076
2 13 -0.002856
2 14 0.012734
2 15 0.077740
2 16 -0.025860
2 17 -0.005275
2 18 0.043539
2 19 -0.022602
2 20 -0.073507
2 21 0.091118
2 22 0.100250
2 23 -0.087683
2 24 0.059962
2 25 -0.089945
2 26 -0.006239
2 27 -0.001794
2 28 0.025446
2 29 0.099161
2 30 -0.033612
2 31 -0.017592
2 32 -0.039353
2 33 -0.053962
2 34 -0.000946
2 35 0.105559
2 36 -0.105750
2 37 0.046342
2 38 0.102568
2 39 -0.010946
2 40 0.047900
2 41 0.110126
2 42 -0.030442
2 43 -0.093844
2 44 0.041957
2 45 0.087485
2 46 0.091415
2 47 -0.044583
2 48 0.003828
2 49 0.018866
2 50 -0.110740
2 51 -0.097496
2 52 0.096978
2 53 0.014847
2 54 -0.008612
2 55 -0.028620
2 56 -0.034445
2 57 0.044455
2 58 -0.076909
2 59 -0.027119
2 60 -0.019100
2 61 0.070127
2 62 -0.059352
2 63 0.026249
2 64 -0.022732
2 65 -0.062449
2 66 -0.009157
2 67 -0.020026
2 68 0.066827
2 69 -0.020678
2 70 -0.107472
2 71 -0.062402
2 72 0.027885
2 73 0.108069
2 74 -0.005583
2 75 0.044406
2 76 0.066259
2 77 0.088847
2 78 0.090622
2 79 -0.029292
2 80 -0.096948
3 1 0.050804
3 2 0.079482
3 3 0.037031
3 4 0.042139
3 5 -0.004026
3 6 0.001913
3 7 -0.005483
3 8 0.092910
3 9 0.042617
3 10 -0.020647
3 11 0.060341
3 12 -0.061694
3 13 0.026297
3 14 -0.090373
3 15 -0.073439
3 16 0.074526
3 17 0.074728
3 18 0.012450
3 19 0.042353
3 20 -0.070352
3 21 -0.104948
3 22 0.000496
3 23 -0.102484
3 24 -0.063024
3 25 -0.039002
3 26 0.105229
3 27 0.081577
3 28 0.093321
3 29 -0.003790
3 30 0.107464
3 31 -0.075575
3 32 0.043306
3 33 -0.044669
3 34 0.054789
3 35 0.100313
3 36 0.072994
3 37 0.097305
3 38 0.055558
3 39 0.080369
3 40 -0.106461
3 41 -0.102631
3 42 0.046897
3 43 -0.006184
3 44 -0.039543
3 45 -0.068145
3 46 0.020336
3 47 0.100521
3 48 -0.030095
3 49 -0.075525
3 50 -0.087641
3 51 -0.079399
3 52 -0.108814
3 53 0.073040
3 54 -0.045252
3 55 -0.037347
3 56 0.083148
3 57 0.043714
3 58 0.036417
3 59 0.098459
3 60 -0.022406
3 61 -0.013914
3 62 0.106732
3 63 -0.026313
3 64 0.034264
3 65 -0.014928
3 66 0.000808
3 67 0.076125
3 68 -0.098087
3 69 -0.060966
3 70 0.072124
3 71 0.085970
3 72 0.010224
3 73 0.019884
3 74 -0.062838
3 75 0.098446
3 76 0.092715
3 77 0.079952
3 78 0.038509
3 79 0.050439
3 80 0.046072
4 1 -0.034135
4 2 0.051261
4 3 -0.094520
4 4 0.088233
4 5 0.065872
4 6 0.081934
4 7 -0.038198
4 8 -0.063492
4 9 -0.034312
4 10 0.087780
4 11 0.021189
4 12 -0.009708
4 13 0.009829
4 14 -0.065908
4 15 0.068857
4 16 -0.019024
4 17 0.100254
4 18 -0.035155
4 19 0.072355
4 20 0.040875
4 21 -0.062892
4 22 0.096122
4 23 -0.010274
4 24 0.015093
4 25 -0.044187
4 26 0.037766
4 27 -0.016146
4 28 -0.036547
4 29 0.031433
4 30 0.023831
4 31 0.045038
4 32 -0.077948
4 33 -0.001486
4 34 -0.096268
4 35 0.073442
4 36 0.066203
4 37 -0.019579
4 38 0.023685
4 39 0.008806
4 40 0.046430
4 41 0.071766
4 42 0.081546
4 43 -0.104927
4 44 -0.021697
4 45 0.058570
4 46 0.040995
4 47 0.025899
4 48 0.014970
4 49 0.094728
4 50 -0.020108
4 51 -0.076899
4 52 -0.043758
4 53 0.083360
4 54 0.062909
4 55 -0.099907
4 56 0.044226
4 57 -0.015216
4 58 -0.101711
4 59 -0.055824
4 60 0.075471
4 61 0.034523
4 62 0.099883
4 63 0.049482
4 64 0.074810
4 65 0.102658
4 66 0.068131
4 67 0.076903
4 68 0.059870
4 69 0.044969
4 70 0.094960
4 71 -0.080361
4 72 0.103706
4 73 -0.086582
4 74 0.026640
4 75 -0.071862
4 76 -0.038128
4 77 0.096360
4 78 -0.110764
4 79 0.066450
4 80 -0.066894
5 1 0.036175
5 2 0.088030
5 3 0.056784
5 4 0.085638
5 5 0.076132
5 6 -0.013106
5 7 0.060667
5 8 0.046932
5 9 -0.045467
5 10 0.077160
5 11 -0.014252
5 12 -0.062486
5 13 -0.091806
5 14 0.015880
5 15 0.019760
5 16 -0.032410
5 17 0.040103
5 18 -0.000843
5 19 0.016881
5 20 0.036787
5 21 0.068128
5 22 0.010448
5 23 0.074981
5 24 0.096947
5 25 -0.085188
5 26 -0.068389
5 27 0.095154
5 28 -0.087999
5 29 0.009506
5 30 0.088952
5 31 -0.022647
5 32 0.055642
5 33 0.060612
5 34 -0.101091
5 35 -0.091401
5 36 0.022100
5 37 0.085763
5 38 -0.037808
5 39 0.010479
5 40 -0.076733
5 41 0.045030
5 42 -0.028535
5 43 -0.031272
5 44 0.043853
5 45 -0.085576
5 46 -0.085013
5 47 -0.011342
5 48 -0.040568
5 49 0.040990
5 50 0.056914
5 51 0.047669
5 52 0.008551
5 53 -0.038814
5 54 -0.096358
5 55 -0.028634
5 56 0.101194
5 57 0.009102
5 58 0.031872
5 59 -0.081752
5 60 0.053958
5 61 -0.023220
5 62 0.061173
5 63 -0.033676
5 64 0.082639
5 65 -0.084290
5 66 0.050095
5 67 -0.008810
5 68 -0.007393
5 69 0.097529
5 70 -0.097137
5 71 0.024630
5 72 0.096397
5 73 -0.000594
5 74 0.087469
5 75 0.074871
5 76 0.012988
5 77 0.051876
5 78 -0.043152
5 79 0.089057
5 80 0.049243
6 1 0.051036
6 2 -0.035041
6 3 -0.022322
6 4 -0.065051
6 5 0.061259
6 6 0.040479
6 7 -0.082510
6 8 0.096616
6 9 -0.007972
6 10 -0.107745
6 11 -0.030537
6 12 -0.034346
6 13 0.045480
6 14 -0.046366
6 15 -0.103972
6 16 0.042637
6 17 0.025199
6 18 0.086244
6 19 -0.057043
6 20 0.040292
6 21 -0.088993
6 22 0.062254
6 23 -0.097060
6 24 -0.050663
6 25 0.028550
6 26 -0.080457
6 27 0.034319
6 28 0.091078
6 29 -0.033617
6 30 0.075814
6 31 -0.036595
6 32 -0.010756
6 33 -0.062108
6 34 0.021209
6 35 0.030719
6 36 0.096389
6 37 -0.028508
6 38 0.012726
6 39 -0.012387
6 40 -0.043678
6 41 0.055876
6 42 0.006750
6 43 0.001423
6 44 0.095092
6 45 0.056303
6 46 -0.019216
6 47 -0.086753
6 48 -0.058674
6 49 -0.071349
6 50 -0.075069
6 51 -0.101729
6 52 -0.038268
6 53 0.108159
6 54 -0.088477
6 55 -0.037134
6 56 0.062279
6 57 -0.044014
6 58 0.068100
6 59 0.013186
6 60 0.065423
6 61 -0.108719
6 62 -0.027596
6 63 -0.019921
6 64 -0.033369
6 65 -0.034183
6 66 0.084001
6 67 0.068373
6 68 0.106410
6 69 -0.077564
6 70 -0.000138
6 71 -0.055969
6 72 0.007694
6 73 0.053835
6 74 0.060793
6 75 -0.010949
6 76 -0.001633
6 77 0.037389
6 78 -0.035147
6 79 -0.002440
6 80 0.006337
7 1 -0.028516
7 2 0.052772
7 3 0.068301
7 4 0.044849
7 5 -0.074788
7 6 0.027452
7 7 -0.069597
7 8 0.025013
7 9 0.077843
7 10 0.041790
7 11 -0.028430
7 12 -0.103324
7 13 0.078598
7 14 -0.054237
7 15 -0.107973
7 16 0.016057
7 17 0.076112
7 18 -0.018199
7 19 0.071794
7 20 -0.103648
7 21 0.091566
7 22 -0.052305
7 23 0.069017
7 24 0.000454
7 25 -0.031599
7 26 -0.061253
7 27 0.024283
7 28 0.013244
7 29 0.067324
7 30 -0.025112
7 31 0.016966
7 32 -0.016023
7 33 -0.058548
7 34 -0.068571
7 35 -0.076754
7 36 0.070662
7 37 -0.097959
7 38 0.014834
7 39 0.058850
7 40 -0.064683
7 41 0.072191
7 42 -0.078711
7 43 -0.029059
7 44 -0.082837
7 45 0.079427
7 46 -0.087920
7 47 -0.061818
7 48 0.072971
7 49 0.038696
7 50 0.064755
7 51 -0.063011
7 52 -0.083881
7 53 0.013758
7 54 -0.009958
7 55 -0.009991
7 56 -0.013146
7 57 -0.087607
7 58 0.093184
7 59 0.081817
7 60 0.008849
7 61 0.048112
7 62 0.105099
7 63 -0.058259
7 64 0.043195
7 65 0.037561
7 66 -0.081384
7 67 -0.060261
7 68 0.053588
7 69 -0.077493
7 70 0.045912
7 71 -0.085589
7 72 -0.093607
7 73 0.032664
7 74 0.076204
7 75 0.107825
7 76 0.078305
7 77 -0.087271
7 78 0.048132
7 79 0.110275
7 80 0.102083
8 1 -0.081003
8 2 0.000496
8 3 0.083194
8 4 -0.108418
8 5 -0.084597
8 6 0.059644
8 7 0.017813
8 8 0.073776
8 9 -0.076686
8 10 0.024445
8 11 0.010828
8 12 -0.108783
8 13 -0.030461
8 14 0.046459
8 15 -0.084988
8 16 -0.094768
8 17 0.090892
8 18 0.104663
8 19 0.013983
8 20 -0.024942
8 21 0.077688
8 22 0.086543
8 23 0.017554
8 24 -0.020229
8 25 0.049135
8 26 0.030363
8 27 -0.046230
8 28 0.072335
8 29 -0.103071
8 30 0.086229
8 31 0.084183
8 32 0.032037
8 33 -0.079535
8 34 -0.038668
8 35 0.100345
8 36 0.024990
8 37 -0.091466
8 38 0.039676
8 39 0.104071
8 40 -0.011189
8 41 0.077874
8 42 0.108069
8 43 -0.073215
8 44 0.058263
8 45 -0.069824
8 46 0.102595
8 47 0.034835
8 48 0.063272
8 49 -0.020422
8 50 -0.010132
8 51 0.017941
8 52 -0.093885
8 53 0.015634
8 54 0.096027
8 55 -0.098359
8 56 0.090024
8 57 0.040447
8 58 -0.029318
8 59 -0.055008
8 60 0.055535
8 61 -0.083964
8 62 -0.029971
8 63 -0.008100
8 64 0.100876
8 65 0.051776
8 66 -0.001926
8 67 0.056155
8 68 0.003440
8 69 -0.035761
8 70 0.060927
8 71 0.101267
8 72 -0.012927
8 73 0.082719
8 74 0.048917
8 75 -0.005657
8 76 -0.093153
8 77 0.098283
8 78 0.056861
8 79 -0.001824
8 80 -0.070766
9 1 0.005105
9 2 -0.055876
9 3 -0.012550
9 4 0.074590
9 5 -0.081865
9 6 0.085850
9 7 0.015983
9 8 -0.034779
9 9 0.018925
9 10 0.097195
9 11 0.042275
9 12 -0.101413
9 13 -0.001803
9 14 0.054577
9 15 0.091853
9 16 -0.060723
9 17 0.088085
9 18 -0.054464
9 19 -0.061235
9 20 -0.097363
9 21 -0.013180
9 22 -0.009476
9 23 0.063693
9 24 -0.029218
9 25 -0.035707
9 26 0.005203
9 27 0.110315
9 28 -0.050765
9 29 0.017159
9 30 -0.006904
9 31 -0.045851
9 32 -0.012957
9 33 -0.088571
9 34 -0.015085
9 35 -0.111603
9 36 0.022927
9 37 -0.067521
9 38 0.001247
9 39 0.091454
9 40 0.053619
9 41 -0.100866
9 42 -0.102454
9 43 0.015912
9 44 0.072096
9 45 -0.108462
9 46 -0.080227
9 47 0.081341
9 48 -0.104249
9 49 -0.098311
9 50 -0.111633
9 51 0.069783
9 52 0.104469
9 53 -0.100487
9 54 -0.039213
9 55 -0.093187
9 56 0.042524
9 57 -0.056349
9 58 0.025654
9 59 -0.005180
9 60 -0.021083
9 61 -0.047094
9 62 -0.009686
9 63 0.006681
9 64 0.010019
9 65 -0.010201
9 66 -0.082167
9 67 -0.048133
9 68 0.055173
9 69 -0.037877
9 70 0.094473
9 71 -0.008290
9 72 -0.037714
9 73 0.018109
9 74 0.047525
9 75 0.003734
9 76 0.077720
9 77 -0.065412
9 78 -0.010848
9 79 0.031016
9 80 0.067782
10 1 0.095426
10 2 0.041309
10 3 0.046967
10 4 -0.111764
10 5 -0.038897
10 6 0.009099
10 7 -0.061562
10 8 -0.066887
10 9 0.095338
10 10 -0.026044
10 11 0.002047
10 12 0.045752
10 13 0.012382
10 14 -0.063579
10 15 -0.067136
10 16 -0.038163
10 17 -0.091663
10 18 0.086282
10 19 0.005641
10 20 0.041346
10 21 0.013542
10 22 -0.069468
10 23 0.073683
10 24 -0.059169
10 25 0.111354
10 26 0.055514
10 27 0.021705
10 28 -0.034865
10 29 0.020758
10 30 -0.058676
10 31 0.054138
10 32 0.075067
10 33 -0.074521
10 34 0.048352
10 35 0.082430
10 36 -0.039770
10 37 -0.093647
10 38 -0.082174
10 39 -0.018848
10 40 0.000294
10 41 0.093270
10 42 0.014958
10 43 0.080122
10 44 -0.099772
10 45 -0.061240
10 46 -0.047821
10 47 -0.047402
10 48 0.049600
10 49 0.024881
10 50 -0.079589
10 51 -0.048072
10 52 -0.108654
10 53 -0.043957
10 54 0.080070
10 55 0.061626
10 56 0.107342
10 57 0.074080
10 58 -0.000246
10 59 0.078351
10 60 -0.010359
10 61 -0.003746
10 62 -0.056155
10 63 -0.013972
10 64 0.067183
10 65 -0.027048
10 66 0.073812
10 67 -0.064897
10 68 -0.107144
10 69 0.013111
10 70 -0.004522
10 71 0.031284
10 72 0.046548
10 73 0.063198
10 74 -0.041332
10 75 -0.068640
10 76 0.039238
10 77 -0.074924
10 78 -0.011991
10 79 -0.092259
10 80 0.064713
11 1 -0.007382
11 2 0.020564
11 3 0.072858
11 4 0.007272
11 5 0.022810
11 6 -0.108988
11 7 -0.023269
11 8 0.059682
11 9 -0.057744
11 10 0.000807
11 11 0.109174
11 12 0.046233
11 13 0.065669
11 14 0.040185
11 15 -0.100086
11 16 0.103506
11 17 0.032492
11 18 0.084838
11 19 -0.044439
11 20 -0.086876
11 21 -0.021317
11 22 -0.009494
11 23 -0.104583
11 24 0.090898
11 25 0.014626
11 26 0.025035
11 27 0.071993
11 28 0.081952
11 29 0.038276
11 30 -0.093417
11 31 0.027371
11 32 0.047353
11 33 0.109535
11 34 0.053340
11 35 -0.052694
11 36 -0.007890
11 37 -0.058453
11 38 -0.044600
11 39 0.052815
11 40 0.089685
11 41 -0.007835
11 42 -0.049568
11 43 -0.087245
11 44 0.056011
11 45 -0.047306
11 46 -0.048797
11 47 -0.096583
11 48 0.088073
11 49 0.051234
11 50 -0.106197
11 51 -0.042661
11 52 0.000305
11 53 0.030828
11 54 -0.053905
11 55 0.046498
11 56 -0.087103
11 57 -0.067017
11 58 0.065889
11 59 -0.055627
11 60 0.057568
11 61 -0.030119
11 62 0.022742
11 63 -0.056754
11 64 0.013169
11 65 -0.034539
11 66 0.057538
11 67 -0.015060
11 68 0.062682
11 69 -0.072389
11 70 0.110306
11 71 -0.105591
11 72 -0.096945
11 73 -0.080048
11 74 -0.082497
11 75 -0.010272
11 76 -0.103406
11 77 -0.102152
11 78 -0.026752
11 79 0.080144
11 80 -0.099903
12 1 -0.011737
12 2 0.049414
12 3 -0.066571
12 4 0.004303
12 5 -0.030914
12 6 -0.007118
12 7 0.026101
12 8 0.109254
12 9 0.038316
12 10 -0.024252
12 11 -0.100655
12 12 0.082784
12 13 -0.054080
12 14 0.068564
12 15 -0.043829
12 16 -0.111459
12 17 0.108995
12 18 -0.001157
12 19 -0.020410
12 20 0.031854
12 21 -0.009492
12 22 -0.028506
12 23 0.018174
12 24 -0.025267
12 25 -0.026846
12 26 0.053710
12 27 -0.023538
12 28 0.032156
12 29 0.053989
12 30 -0.054570
12 31 0.040577
12 32 -0.007140
12 33 -0.021512
12 34 0.078325
12 35 -0.087215
12 36 0.035021
12 37 -0.022913
12 38 -0.054274
12 39 0.018188
12 40 -0.000737
12 41 -0.033945
12 42 0.008480
12 43 0.021068
12 44 0.092418
12 45 -0.106221
12 46 -0.030437
12 47 -0.096420
12 48 -0.003528
12 49 0.063974
12 50 -0.100070
12 51 -0.036501
12 52 0.026442
12 53 -0.081026
12 54 -0.036169
12 55 -0.082600
12 56 0.057347
12 57 0.082303
12 58 -0.092473
12 59 -0.095979
12 60 -0.101482
12 61 0.051048
12 62 0.107006
12 63 -0.021712
12 64 0.014001
12 65 -0.005605
12 66 -0.078700
12 67 -0.020067
12 68 0.025504
12 69 -0.015690
12 70 -0.097959
12 71 -0.011903
12 72 0.105225
12 73 0.077842
12 74 0.109820
12 75 -0.029950
12 76 -0.005241
12 77 0.084075
12 78 -0.071668
12 79 0.027275
12 80 0.098569
13 1 -0.039774
13 2 -0.000900
13 3 0.107481
13 4 0.101980
13 5 0.029034
13 6 -0.070519
13 7 -0.107269
13 8 0.040499
13 9 0.077097
13 10 0.046684
13 11 -0.008175
13 12 -0.047820
13 13 0.062956
13 14 -0.009369
13 15 0.003183
13 16 -0.025080
13 17 -0.095280
13 18 -0.094643
13 19 -0.057760
13 20 -0.096868
13 21 0.000248
13 22 -0.086759
13 23 -0.000037
13 24 -0.020533
13 25 -0.001727
13 26 -0.102406
13 27 0.049099
13 28 0.061960
13 29 -0.072995
13 30 -0.090524
13 31 0.023536
13 32 -0.053098
13 33 0.097433
13 34 -0.048330
13 35 -0.011009
13 36 -0.050797
13 37 -0.059876
13 38 -0.064408
13 39 0.066234
13 40 -0.062677
13 41 0.059136
13 42 -0.109351
13 43 -0.105231
13 44 0.098191
13 45 -0.069832
13 46 -0.040983
13 47 -0.046626
13 48 0.105028
13 49 -0.095654
13 50 -0.075777
13 51 0.027342
13 52 -0.029071
13 53 -0.106500
13 54 -0.068728
13 55 -0.063426
13 56 0.037606
13 57 0.109243
13 58 -0.079960
13 59 -0.055504
13 60 0.032555
13 61 -0.009598
13 62 0.094548
13 63 -0.051567
13 64 -0.008553
13 65 0.033728
13 66 -0.095850
13 67 0.048777
13 68 -0.035728
13 69 -0.036473
13 70 0.061638
13 71 -0.030250
13 72 -0.074236
13 73 -0.067122
13 74 -0.078629
13 75 -0.096049
13 76 0.022744
13 77 0.066545
13 78 -0.076901
13 79 -0.031078
13 80 0.031123
14 1 -0.031138
14 2 0.098969
14 3 -0.069269
14 4 0.109049
14 5 0.103656
14 6 0.018684
14 7 0.007442
14 8 -0.008568
14 9 -0.036438
14 10 -0.025958
14 11 0.109712
14 12 -0.024250
14 13 -0.106037
14 14 -0.044319
14 15 0.035843
14 16 -0.064500
14 17 0.042898
14 18 0.090705
14 19 -0.088840
14 20 0.109619
14 21 0.023267
14 22 -0.107629
14 23 -0.090729
14 24 0.088260
14 25 0.060745
14 26 -0.056718
14 27 0.007866
14 28 -0.056019
14 29 -0.081715
14 30 -0.011979
14 31 -0.046820
14 32 -0.037793
14 33 0.107868
14 34 0.004417
14 35 -0.017004
14 36 -0.065004
14 37 0.001521
14 38 0.088380
14 39 -0.109523
14 40 0.081128
14 41 0.071179
14 42 -0.069125
14 43 -0.035835
14 44 0.073383
14 45 -0.047212
14 46 -0.026888
14 47 0.080666
14 48 -0.055744
14 49 0.047276
14 50 0.012295
14 51 0.043206
14 52 0.012035
14 53 -0.015554
14 54 0.001188
14 55 0.038456
14 56 0.002611
14 57 -0.100571
14 58 -0.053473
14 59 -0.088138
14 60 -0.092921
14 61 0.058078
14 62 0.043600
14 63 -0.055386
14 64 -0.026089
14 65 -0.017803
14 66 -0.072918
14 67 0.038489
14 68 -0.049245
14 69 0.080738
14 70 -0.018023
14 71 -0.016420
14 72 -0.016440
14 73 0.016720
14 74 -0.000479
14 75 0.052831
14 76 0.055475
14 77 0.033579
14 78 -0.104447
14 79 -0.082279
14 80 -0.096099
15 1 -0.100711
15 2 0.022951
15 3 -0.025103
15 4 -0.104628
15 5 0.076750
15 6 -0.010903
15 7 -0.049942
15 8 -0.109059
15 9 0.094688
15 10 -0.063533
15 11 0.004533
15 12 -0.069750
15 13 -0.078831
15 14 -0.091920
15 15 0.045366
15 16 0.001165
15 17 0.057771
15 18 -0.055906
15 19 -0.089138
15 20 -0.105378
15 21 0.037994
15 22 0.076352
15 23 0.016965
15 24 0.070601
15 25 0.036786
15 26 0.061441
15 27 -0.101802
15 28 0.008866
15 29 0.014136
15 30 0.027090
15 31 -0.089471
15 32 -0.079637
15 33 -0.032155
15 34 0.032461
15 35 0.056586
15 36 0.096133
15 37 0.042163
15 38 -0.089487
15 39 -0.037328
15 40 -0.063653
15 41 0.111060
15 42 0.032941
15 43 -0.022270
15 44 -0.026173
15 45 -0.089221
15 46 0.072209
15 47 -0.077670
15 48 0.093093
15 49 -0.034121
15 50 0.102106
15 51 -0.052553
15 52 -0.006918
15 53 -0.062246
15 54 -0.070232
15 55 0.105861
15 56 0.093116
15 57 0.073262
15 58 0.064332
15 59 -0.086951
15 60 -0.048295
15 61 0.024001
15 62 -0.033313
15 63 -0.091651
15 64 0.057173
15 65 0.083045
15 66 -0.027707
15 67 -0.050455
15 68 -0.082985
15 69 -0.104741
15 70 0.001305
15 71 -0.084427
15 72 0.091262
15 73 0.000236
15 74 -0.065316
15 75 -0.022170
15 76 0.057302
15 77 0.077486
15 78 0.092222
15 79 0.067397
15 80 0.053676
16 1 0.036356
16 2 0.036464
16 3 0.059322
16 4 0.073320
16 5 0.047849
16 6 -0.011960
16 7 0.103135
16 8 -0.017385
16 9 0.046876
16 10 0.036691
16 11 -0.058665
16 12 -0.065691
16 13 0.059875
16 14 0.088572
16 15 -0.040292
16 16 0.097437
16 17 -0.048241
16 18 0.040903
16 19 0.080466
16 20 -0.004062
16 21 -0.106973
16 22 0.099829
16 23 0.033473
16 24 0.052414
16 25 0.041907
16 26 0.066726
16 27 0.089929
16 28 -0.096936
16 29 -0.093214
16 30 -0.093005
16 31 -0.037685
16 32 0.026371
16 33 0.109638
16 34 0.055505
16 35 0.033962
16 36 -0.009994
16 37 0.030140
16 38 0.090128
16 39 -0.091884
16 40 -0.097223
16 41 0.081803
16 42 -0.072999
16 43 0.025379
16 44 0.110543
16 45 -0.091155
16 46 -0.040439
16 47 0.063286
16 48 0.063056
16 49 -0.017819
16 50 0.097572
16 51 -0.037643
16 52 0.023580
16 53 -0.034271
16 54 0.007967
16 55 -0.046934
16 56 -0.057096
16 57 0.034298
16 58 -0.073587
16 59 -0.090512
16 60 0.034641
16 61 -0.032109
16 62 -0.028986
16 63 -0.105098
16 64 -0.022044
16 65 0.063456
16 66 -0.037872
16 67 0.042334
16 68 -0.110698
16 69 0.087682
16 70 0.007909
16 71 -0.021842
16 72 0.020999
16 73 -0.109256
16 74 -0.058680
16 75 -0.012113
16 76 0.027395
16 77 -0.010690
16 78 0.013387
16 79 -0.089369
16 80 -0.019362
17 1 0.104105
17 2 0.075528
17 3 -0.019614
17 4 0.046455
17 5 0.076021
17 6 -0.072015
17 7 -0.035016
17 8 0.047605
17 9 -0.049891
17 10 0.032622
17 11 -0.082180
17 12 0.109352
17 13 -0.002879
17 14 -0.008920
17 15 -0.003124
17 16 0.041994
17 17 0.109774
17 18 -0.089000
17 19 0.105785
17 20 -0.035515
17 21 0.037778
17 22 0.044279
17 23 0.015967
17 24 -0.107769
17 25 -0.028913
17 26 -0.064884
17 27 -0.094965
17 28 -0.025672
17 29 -0.028248
17 30 -0.016084
17 31 -0.016651
17 32 0.103052
17 33 0.041177
17 34 0.029326
17 35 0.014776
17 36 0.013838
17 37 -0.079044
17 38 0.108105
17 39 -0.026679
17 40 0.004207
17 41 0.060248
17 42 0.023558
17 43 0.089956
17 44 0.090545
17 45 -0.086554
17 46 0.039090
17 47 0.089720
17 48 -0.098246
17 49 -0.043113
17 50 0.061904
17 51 -0.103557
17 52 -0.059574
17 53 0.102298
17 54 -0.060504
17 55 -0.003760
17 56 -0.018606
17 57 0.044226
17 58 -0.109723
17 59 0.018426
17 60 -0.006996
17 61 0.005654
17 62 -0.065621
17 63 0.094905
17 64 0.048382
17 65 0.047504
17 66 -0.111544
17 67 -0.050200
17 68 -0.056630
17 69 0.100248
17 70 -0.071887
17 71 0.080800
17 72 -0.098535
17 73 -0.045359
17 74 -0.026995
17 75 0.090482
17 76 -0.016191
17 77 -0.069956
17 78 -0.012464
17 79 0.000985
17 80 -0.052121
18 1 0.066608
18 2 -0.003917
18 3 0.044356
18 4 0.073558
18 5 -0.077308
18 6 0.025947
18 7 0.047218
18 8 0.011390
18 9 0.026885
18 10 0.024382
18 11 -0.035175
18 12 0.021168
18 13 -0.081130
18 14 0.019939
18 15 -0.023608
18 16 0.051704
18 17 0.070452
18 18 0.010024
18 19 0.058100
18 20 -0.016733
18 21 0.028037
18 22 -0.063303
18 23 0.028165
18 24 0.098526
18 25 -0.007055
18 26 -0.013504
18 27 0.009943
18 28 0.029052
18 29 -0.031779
18 30 -0.033829
18 31 0.037711
18 32 0.061889
18 33 -0.028000
18 34 -0.079446
18 35 -0.081568
18 36 0.092955
18 37 0.086429
18 38 -0.037312
18 39 0.068275
18 40 0.074635
18 41 -0.091924
18 42 0.062689
18 43 -0.048524
18 44 -0.039251
18 45 -0.011707
18 46 -0.009596
18 47 -0.063564
18 48 -0.087261
18 49 -0.100110
18 50 -0.098334
18 51 -0.101733
18 52 0.081406
18 53 -0.052534
18 54 -0.015854
18 55 -0.025626
18 56 -0.040317
18 57 -0.081789
18 58 0.090968
18 59 -0.088829
18 60 -0.004148
18 61 -0.011876
18 62 -0.015321
18 63 0.067380
18 64 0.012166
18 65 0.074523
18 66 -0.069620
18 67 -0.003979
18 68 -0.055105
18 69 0.092972
18 70 0.034020
18 71 -0.077177
18 72 -0.028555
18 73 -0.038837
18 74 -0.046093
18 75 0.103715
18 76 -0.099150
18 77 -0.010050
18 78 0.059891
18 79 -0.063380
18 80 0.023471
19 1 -0.049138
19 2 -0.037833
19 3 -0.077626
19 4 0.049513
19 5 0.050194
19 6 0.095235
19 7 0.104440
19 8 0.032659
19 9 -0.022729
19 10 -0.035411
19 11 -0.079093
19 12 0.037424
19 13 -0.019715
19 14 -0.093653
19 15 -0.082065
19 16 0.081323
19 17 0.055402
19 18 -0.074941
19 19 0.036335
19 20 0.005763
19 21 -0.060297
19 22 -0.105884
19 23 0.018808
19 24 -0.109866
19 25 0.046531
19 26 -0.048965
19 27 0.094613
19 28 0.109919
19 29 0.053538
19 30 -0.103554
19 31 -0.070637
19 32 -0.089148
19 33 -0.079178
19 34 -0.068760
19 35 -0.084922
19 36 0.005370
19 37 0.046339
19 38 -0.045917
19 39 0.088765
19 40 -0.092266
19 41 0.016205
19 42 0.027937
19 43 -0.010720
19 44 0.004290
19 45 -0.105608
19 46 0.012845
19 47 0.063943
19 48 0.055437
19 49 -0.011461
19 50 0.006126
19 51 0.038012
19 52 -0.038703
19 53 0.053948
19 54 -0.034025
19 55 0.041326
19 56 -0.012787
19 57 0.105519
19 58 0.090583
19 59 0.013726
19 60 -0.091397
19 61 -0.072226
19 62 0.099622
19 63 0.053101
19 64 -0.110032
19 65 -0.086386
19 66 0.102120
19 67 0.051720
19 68 -0.090123
19 69 0.044028
19 70 0.048974
19 71 -0.029250
19 72 -0.088808
19 73 0.002014
19 74 0.050749
19 75 -0.052583
19 76 -0.046002
19 77 -0.101797
19 78 -0.078221
19 79 -0.028488
19 80 -0.093627
20 1 -0.014185
20 2 -0.053570
20 3 0.028973
20 4 -0.065371
20 5 0.078177
20 6 0.064815
20 7 0.003822
20 8 0.091568
20 9 0.098990
20 10 -0.087160
20 11 0.046909
20 12 0.044842
20 13 0.018537
20 14 -0.035199
20 15 -0.053468
20 16 -0.035344
20 17 -0.076929
20 18 -0.010997
20 19 0.070755
20 20 0.047902
20 21 -0.034534
20 22 -0.078439
20 23 -0.018734
20 24 -0.108491
20 25 -0.034473
20 26 -0.095865
20 27 -0.017670
20 28 -0.039827
20 29 0.001335
20 30 -0.096737
20 31 0.001588
20 32 -0.032429
20 33 0.030154
20 34 -0.065741
20 35 0.054584
20 36 -0.066089
20 37 0.020120
20 38 0.094261
20 39 -0.036464
20 40 0.068362
20 41 0.021425
20 42 0.037357
20 43 0.029163
20 44 -0.058235
20 45 0.078501
20 46 -0.054787
20 47 0.068590
20 48 0.106251
20 49 0.035900
20 50 0.081415
20 51 -0.052956
20 52 -0.088017
20 53 -0.079431
20 54 -0.111758
20 55 -0.008041
20 56 0.024362
20 57 -0.074767
20 58 -0.047117
20 59 0.012777
20 60 0.015510
20 61 -0.072133
20 62 0.078062
20 63 0.071436
20 64 0.032811
20 65 0.071279
20 66 0.097747
20 67 -0.069031
20 68 0.082707
20 69 0.094819
20 70 -0.006713
20 71 0.107956
20 72 0.073346
20 73 -0.053641
20 74 0.068171
20 75 0.061809
20 76 -0.014581
20 77 0.046480
20 78 -0.075672
20 79 -0.061701
20 80 0.038234
21 1 -0.001320
21 2 0.000830
21 3 -0.066845
21 4 0.042319
21 5 0.017496
21 6 0.006246
21 7 -0.025061
21 8 -0.014104
21 9 0.056143
21 10 0.083969
21 11 -0.087181
21 12 0.072264
21 13 0.048944
21 14 -0.065139
21 15 -0.106516
21 16 0.016990
21 17 0.017094
21 18 -0.016857
21 19 0.089102
21 20 0.043041
21 21 0.012145
21 22 -0.095555
21 23 0.008203
21 24 -0.083538
21 25 -0.029936
21 26 -0.022845
21 27 -0.030012
21 28 -0.093321
21 29 0.087797
21 30 0.008250
21 31 -0.056616
21 32 0.028220
21 33 0.051979
21 34 -0.005631
21 35 -0.105835
21 36 -0.008143
21 37 0.061882
21 38 -0.040047
21 39 -0.098136
21 40 -0.005992
21 41 -0.069126
21 42 0.003012
21 43 0.030736
21 44 0.060123
21 45 0.074865
21 46 -0.011247
21 47 -0.100724
21 48 -0.014939
21 49 -0.033746
21 50 -0.004698
21 51 0.011100
21 52 0.070940
21 53 -0.106181
21 54 0.005427
21 55 0.100314
21 56 0.038088
21 57 0.030184
21 58 -0.025491
21 59 -0.071815
21 60 0.081775
21 61 0.010532
21 62 0.104219
21 63 0.107282
21 64 0.105863
21 65 0.089526
21 66 0.013333
21 67 0.034225
21 68 -0.089328
21 69 -0.038814
21 70 0.002132
21 71 0.060516
21 72 0.018325
21 73 0.060702
21 74 -0.104943
21 75 0.100718
21 76 0.013976
21 77 0.001280
21 78 -0.084445
21 79 -0.097736
21 80 0.088983
22 1 0.064844
22 2 -0.074651
22 3 0.077909
22 4 0.040383
22 5 -0.072962
22 6 -0.091258
22 7 0.101444
22 8 0.032949
22 9 -0.103640
22 10 -0.042239
22 11 0.007072
22 12 -0.093285
22 13 0.104276
22 14 0.073056
22 15 0.059105
22 16 -0.109360
22 17 0.042314
22 18 -0.034131
22 19 -0.000433
22 20 0.040218
22 21 0.015197
22 22 0.045144
22 23 0.059330
22 24 0.104203
22 25 0.087460
22 26 0.083818
22 27 0.032705
22 28 0.013889
22 29 0.093859
22 30 0.051914
22 31 -0.044589
22 32 0.044237
22 33 -0.060651
22 34 -0.059050
22 35 -0.091859
22 36 -0.067592
22 37 0.067193
22 38 0.000112
22 39 -0.031450
22 40 0.037096
22 41 0.096500
22 42 -0.094038
22 43 0.070045
22 44 0.075539
22 45 -0.039477
22 46 0.101316
22 47 -0.056379
22 48 0.017560
22 49 -0.063830
22 50 -0.086139
22 51 0.069596
22 52 0.091142
22 53 -0.100912
22 54 0.101152
22 55 0.050635
22 56 -0.038952
22 57 0.091179
22 58 0.021167
22 59 -0.044239
22 60 0.032083
22 61 0.024855
22 62 0.072428
22 63 -0.083513
22 64 0.024000
22 65 0.042740
22 66 0.110812
22 67 0.043079
22 68 -0.083990
22 69 0.008845
22 70 0.048872
22 71 0.028245
22 72 0.006524
22 73 -0.051375
22 74 0.027107
22 75 -0.032266
22 76 0.054443
22 77 -0.088897
22 78 -0.034210
22 79 -0.106212
22 80 0.051704
23 1 -0.016353
23 2 0.028374
23 3 -0.017246
23 4 -0.100501
23 5 0.020066
23 6 0.039908
23 7 -0.084257
23 8 0.087589
23 9 0.001348
23 10 0.106816
23 11 0.110006
23 12 0.045178
23 13 -0.022920
23 14 0.024814
23 15 -0.109033
23 16 0.102027
23 17 -0.087835
23 18 0.101107
23 19 0.105836
23 20 0.101351
23 21 0.017487
23 22 0.078818
23 23 0.081570
23 24 0.025507
23 25 -0.068319
23 26 -0.081784
23 27 0.065046
23 28 -0.031218
23 29 -0.031212
23 30 -0.053088
23 31 0.008447
23 32 -0.092725
23 33 -0.073726
23 34 0.081312
23 35 0.050092
23 36 -0.017522
23 37 0.048869
23 38 -0.097587
23 39 -0.110616
23 40 -0.030397
23 41 0.029784
23 42 0.005982
23 43 0.084730
23 44 0.027744
23 45 -0.050956
23 46 -0.017127
23 47 0.025771
23 48 -0.082348
23 49 0.085681
23 50 0.003853
23 51 -0.005110
23 52 0.028809
23 53 -0.083197
23 54 -0.013449
23 55 0.057036
23 56 -0.093149
23 57 -0.078998
23 58 0.066413
23 59 0.028883
23 60 0.030898
23 61 -0.003632
23 62 0.062621
23 63 0.034874
23 64 0.068415
23 65 -0.039028
23 66 0.019741
23 67 0.012145
23 68 -0.047108
23 69 0.096205
23 70 -0.061428
23 71 0.044167
23 72 0.040537
23 73 0.110052
23 74 0.024977
23 75 0.078643
23 76 0.070824
23 77 -0.041260
23 78 0.056180
23 79 -0.012054
23 80 0.042831
24 1 -0.091591
24 2 -0.086065
24 3 -0.034837
24 4 -0.036197
24 5 0.109826
24 6 -0.033098
24 7 0.020244
24 8 -0.011845
24 9 -0.076695
24 10 -0.011811
24 11 -0.078349
24 12 0.107441
24 13 -0.059659
24 14 0.053635
24 15 -0.105914
24 16 0.020978
24 17 -0.025196
24 18 0.111615
24 19 -0.013468
24 20 -0.027016
24 21 -0.025904
24 22 -0.016031
24 23 0.010244
24 24 -0.099549
24 25 -0.003253
24 26 -0.088942
24 27 -0.059173
24 28 -0.022021
24 29 0.106507
24 30 -0.064273
24 31 0.047725
24 32 -0.102122
24 33 -0.060242
24 34 -0.025273
24 35 -0.070912
24 36 -0.057900
24 37 0.034106
24 38 -0.034313
24 39 -0.072011
24 40 0.004450
24 41 -0.100722
24 42 -0.032671
24 43 -0.108674
24 44 -0.046472
24 45 -0.105603
24 46 -0.036028
24 47 -0.109788
24 48 -0.067010
24 49 -0.071956
24 50 -0.041358
24 51 0.065701
24 52 0.031476
24 53 -0.028819
24 54 0.030515
24 55 -0.109635
24 56 -0.063904
24 57 0.045925
24 58 0.026789
24 59 -0.027668
24 60 -0.105107
24 61 0.017958
24 62 -0.105933
24 63 0.044163
24 64 -0.037582
24 65 -0.068883
24 66 0.057984
24 67 0.005292
24 68 0.001395
24 69 -0.032428
24 70 -0.104620
24 71 -0.049386
24 72 0.057898
24 73 -0.007690
24 74 -0.005958
24 75 -0.020440
24 76 0.091615
24 77 0.015077
24 78 0.100930
24 79 -0.101219
24 80 -0.093518
25 1 -0.018463
25 2 -0.050005
25 3 0.008367
25 4 0.095817
25 5 0.044775
25 6 0.037434
25 7 -0.030987
25 8 -0.003619
25 9 0.035393
25 10 -0.107736
25 11 -0.074700
25 12 0.095527
25 13 -0.083460
25 14 0.062731
25 15 -0.087392
25 16 -0.087705
25 17 0.014032
25 18 -0.101610
25 19 -0.080955
25 20 0.016842
25 21 0.058222
25 22 0.028035
25 23 -0.001282
25 24 0.089549
25 25 -0.100690
25 26 -0.098599
25 27 -0.022718
25 28 -0.072528
25 29 0.054678
25 30 -0.034121
25 31 0.088994
25 32 0.069862
25 33 -0.032118
25 34 -0.036781
25 35 0.070806
25 36 -0.097623
25 37 0.017258
25 38 0.031554
25 39 -0.030591
25 40 0.086657
25 41 0.110160
25 42 0.061252
25 43 -0.046509
25 44 0.030096
25 45 0.060626
25 46 -0.024843
25 47 -0.072272
25 48 0.005895
25 49 0.042991
25 50 0.046621
25 51 0.009677
25 52 -0.011284
25 53 -0.100052
25 54 -0.018774
25 55 0.077949
25 56 -0.053739
25 57 0.074839
25 58 0.102166
25 59 -0.057847
25 60 0.086668
25 61 -0.064460
25 62 0.102249
25 63 0.024378
25 64 -0.034455
25 65 -0.001488
25 66 -0.035150
25 67 0.011956
25 68 0.004831
25 69 0.102462
25 70 -0.002281
25 71 0.006107
25 72 -0.094253
25 73 0.097050
25 74 -0.021100
25 75 0.104613
25 76 0.078350
25 77 0.067232
25 78 0.088269
25 79 -0.111801
25 80 0.027960
26 1 -0.080480
26 2 -0.032989
26 3 -0.058334
26 4 -0.030590
26 5 0.060531
26 6 0.106655
26 7 -0.007538
26 8 -0.078295
26 9 0.067583
26 10 0.011395
26 11 -0.021983
26 12 -0.003553
26 13 0.080432
26 14 0.022906
26 15 0.048963
26 16 0.041816
26 17 -0.109895
26 18 -0.074813
26 19 -0.062725
26 20 -0.072285
26 21 -0.066429
26 22 -0.085531
26 23 0.093111
26 24 -0.035618
26 25 -0.006758
26 26 -0.104349
26 27 0.043730
26 28 -0.045052
26 29 -0.055173
26 30 0.029801
26 31 0.109686
26 32 0.021313
26 33 0.029377
26 34 0.021804
26 35 -0.085436
26 36 0.095142
26 37 0.036952
26 38 0.062947
26 39 -0.044821
26 40 0.038657
26 41 0.006140
26 42 0.074331
26 43 0.047970
26 44 -0.100426
26 45 0.005480
26 46 0.026442
26 47 -0.020899
26 48 -0.077459
26 49 -0.019906
26 50 0.088610
26 51 -0.063118
26 52 0.047074
26 53 -0.048008
26 54 0.069146
26 55 0.106384
26 56 0.064747
26 57 -0.047834
26 58 -0.056256
26 59 0.102029
26 60 0.022543
26 61 0.042691
26 62 0.042243
26 63 -0.075767
26 64 -0.111610
26 65 -0.008391
26 66 0.088849
26 67 -0.018374
26 68 0.099348
26 69 0.064852
26 70 0.020332
26 71 0.051555
26 72 0.089242
26 73 -0.107649
26 74 -0.070891
26 75 -0.085970
26 76 0.092740
26 77 -0.046900
26 78 -0.095749
26 79 0.095152
26 80 0.098295
27 1 -0.069357
27 2 -0.035847
27 3 0.007122
27 4 0.075033
27 5 -0.110592
27 6 0.067518
27 7 0.034408
27 8 0.000402
27 9 0.076859
27 10 0.037651
27 11 0.045513
27 12 0.036133
27 13 -0.074134
27 14 0.005059
27 15 0.022143
27 16 -0.050911
27 17 -0.101620
27 18 -0.034141
27 19 0.046651
27 20 0.012234
27 21 -0.081959
27 22 0.032501
27 23 -0.052125
27 24 -0.044012
27 25 -0.101453
27 26 0.040739
27 27 0.075342
27 28 -0.060808
27 29 0.035446
27 30 -0.010677
27 31 -0.076233
27 32 -0.075336
27 33 -0.022917
27 34 0.008508
27 35 -0.052490
27 36 0.110657
27 37 -0.047871
27 38 -0.042925
27 39 0.074493
27 40 0.005617
27 41 -0.035190
27 42 0.060408
27 43 0.027322
27 44 -0.090673
27 45 0.008914
27 46 0.081678
27 47 -0.040499
27 48 -0.063402
27 49 0.064213
27 50 -0.022471
27 51 0.011078
27 52 0.090471
27 53 0.005112
27 54 -0.091246
27 55 0.088858
27 56 -0.004928
27 57 0.069927
27 58 -0.033084
27 59 -0.013979
27 60 -0.111670
27 61 -0.017932
27 62 0.101186
27 63 -0.035163
27 64 -0.010556
27 65 0.025678
27 66 0.083903
27 67 0.015564
27 68 -0.075798
27 69 0.002545
27 70 -0.021431
27 71 0.037958
27 72 0.060518
27 73 0.013596
27 74 0.102197
27 75 0.090242
27 76 0.105323
27 77 0.092073
27 78 0.049375
27 79 -0.106377
27 80 0.036900
28 1 0.081789
28 2 0.064703
28 3 0.049708
28 4 0.075113
28 5 0.073274
28 6 0.053207
28 7 -0.104661
28 8 -0.072022
28 9 -0.037366
28 10 0.080764
28 11 0.034034
28 12 0.098397
28 13 -0.029268
28 14 -0.071600
28 15 0.098179
28 16 -0.101955
28 17 -0.033798
28 18 0.107790
28 19 -0.024684
28 20 -0.078965
28 21 -0.067477
28 22 -0.059348
28 23 0.027176
28 24 0.105826
28 25 0.081715
28 26 -0.086587
28 27 -0.021110
28 28 0.075509
28 29 0.056878
28 30 0.062177
28 31 -0.087786
28 32 -0.015047
28 33 0.023590
28 34 -0.107335
28 35 -0.022198
28 36 0.111028
28 37 0.010183
28 38 0.090580
28 39 -0.047620
28 40 -0.012371
28 41 0.019067
28 42 -0.097213
28 43 -0.039592
28 44 -0.054026
28 45 -0.027532
28 46 0.041459
28 47 -0.002076
28 48 -0.078911
28 49 -0.055545
28 50 0.007984
28 51 0.021876
28 52 0.074199
28 53 0.032355
28 54 -0.109889
28 55 -0.038126
28 56 -0.049627
28 57 0.028096
28 58 0.035650
28 59 -0.005197
28 60 -0.078649
28 61 0.040216
28 62 0.030754
28 63 -0.095939
28 64 0.073123
28 65 -0.068705
28 66 0.050712
28 67 -0.031241
28 68 0.058842
28 69 -0.067836
28 70 0.014905
28 71 0.021118
28 72 0.069742
28 73 -0.088493
28 74 -0.000355
28 75 -0.031937
28 76 -0.066707
28 77 -0.036293
28 78 -0.006469
28 79 0.061223
28 80 0.014358
29 1 -0.029789
29 2 0.078723
29 3 0.062265
29 4 -0.102127
29 5 -0.106041
29 6 0.090085
29 7 0.061712
29 8 -0.026048
29 9 -0.108281
29 10 0.086094
29 11 -0.053703
29 12 -0.071965
29 13 -0.029241
29 14 0.062185
29 15 -0.071471
29 16 0.105994
29 17 -0.076663
29 18 -0.100294
29 19 -0.103852
29 20 -0.067797
29 21 -0.071100
29 22 -0.039075
29 23 0.008681
29 24 -0.008125
29 25 -0.028902
29 26 -0.046334
29 27 0.099431
29 28 -0.043131
29 29 -0.046762
29 30 -0.067110
29 31 0.043303
29 32 -0.062426
29 33 0.070476
29 34 0.048216
29 35 0.003839
29 36 0.072701
29 37 0.038858
29 38 0.049244
29 39 0.001459
29 40 -0.077369
29 41 0.032618
29 42 0.018574
29 43 -0.085909
29 44 -0.078685
29 45 -0.026996
29 46 -0.091258
29 47 -0.027589
29 48 0.023191
29 49 0.015980
29 50 0.110040
29 51 0.092173
29 52 0.089839
29 53 -0.013215
29 54 -0.068290
29 55 -0.070777
29 56 0.075751
29 57 -0.072773
29 58 -0.099657
29 59 -0.075795
29 60 0.055454
29 61 0.010748
29 62 -0.062982
29 63 0.020915
29 64 -0.107491
29 65 0.088700
29 66 0.086729
29 67 -0.058755
29 68 -0.033687
29 69 0.016679
29 70 -0.023891
29 71 -0.048157
29 72 0.014901
29 73 -0.045503
29 74 0.001792
29 75 -0.031935
29 76 -0.023771
29 77 -0.030034
29 78 0.015143
29 79 -0.039299
29 80 0.096760
30 1 -0.024778
30 2 0.093035
30 3 0.061570
30 4 0.077559
30 5 0.022025
30 6 -0.092232
30 7 -0.015273
30 8 -0.044221
30 9 -0.061037
30 10 0.016818
30 11 0.006149
30 12 -0.009071
30 13 -0.100541
30 14 0.092705
30 15 0.064284
30 16 -0.035587
30 17 -0.058466
30 18 0.099336
30 19 -0.021788
30 20 0.005256
30 21 -0.072553
30 22 0.001547
30 23 -0.019328
30 24 -0.094003
30 25 -0.008950
30 26 0.041567
30 27 0.036178
30 28 0.030988
30 29 -0.098998
30 30 0.079456
30 31 -0.006799
30 32 -0.026393
30 33 -0.061602
30 34 0.102963
30 35 -0.067755
30 36 0.003061
30 37 -0.005884
30 38 0.069907
30 39 0.038497
30 40 -0.026903
30 41 0.022829
30 42 -0.005144
30 43 -0.033188
30 44 0.051080
30 45 -0.061161
30 46 0.093125
30 47 -0.017875
30 48 -0.088961
30 49 0.065562
30 50 0.026116
30 51 0.099907
30 52 0.064238
30 53 -0.109145
30 54 0.011977
30 55 -0.092707
30 56 -0.042254
30 57 -0.041217
30 58 -0.028690
30 59 0.099220
30 60 -0.065918
30 61 -0.047086
30 62 0.076444
30 63 -0.018888
30 64 -0.094785
30 65 -0.015090
30 66 0.013596
30 67 0.082501
30 68 0.071613
30 69 -0.087030
30 70 -0.090213
30 71 0.003299
30 72 -0.010154
30 73 0.103922
30 74 0.053932
30 75 0.065943
30 76 -0.045411
30 77 -0.099888
30 78 0.036479
30 79 0.109709
30 80 -0.015176
31 1 0.089368
31 2 -0.000860
31 3 -0.024475
31 4 0.015233
31 5 0.035663
31 6 0.018845
31 7 0.033277
31 8 0.061226
31 9 -0.005598
31 10 -0.098286
31 11 0.066343
31 12 0.024187
31 13 -0.094884
31 14 0.075819
31 15 -0.000243
31 16 -0.089194
31 17 -0.031063
31 18 -0.103428
31 19 -0.027858
31 20 -0.085920
31 21 -0.106666
31 22 0.056933
31 23 -0.057749
31 24 -0.075029
31 25 -0.067641
31 26 -0.093621
31 27 -0.106761
31 28 0.034985
31 29 0.001564
31 30 0.038476
31 31 -0.028853
31 32 -0.031343
31 33 -0.109012
31 34 0.046328
31 35 -0.035859
31 36 -0.108066
31 37 0.018646
31 38 -0.034874
31 39 -0.026994
31 40 0.110065
31 41 -0.081193
31 42 0.079213
31 43 -0.102004
31 44 0.070432
31 45 0.061320
31 46 -0.080880
31 47 -0.042240
31 48 0.018458
31 49 0.082094
31 50 0.106530
31 51 -0.079639
31 52 -0.060028
31 53 -0.009969
31 54 -0.048125
31 55 0.060089
31 56 0.016359
31 57 -0.101603
31 58 -0.036485
31 59 -0.045773
31 60 -0.088094
31 61 -0.045071
31 62 -0.036220
31 63 -0.051391
31 64 -0.066900
31 65 0.002503
31 66 -0.070130
31 67 0.042179
31 68 -0.053853
31 69 -0.063433
31 70 0.031524
31 71 -0.032186
31 72 0.001352
31 73 0.017987
31 74 0.034536
31 75 -0.036818
31 76 -0.047763
31 77 -0.018163
31 78 0.032490
31 79 0.100264
31 80 -0.022770
32 1 0.101354
32 2 -0.036338
32 3 0.036959
32 4 0.078936
32 5 -0.107388
32 6 -0.060244
32 7 -0.021803
32 8 -0.011509
32 9 -0.064422
32 10 0.070220
32 11 0.105499
32 12 0.030623
32 13 0.010968
32 14 0.072812
32 15 -0.099246
32 16 0.105209
32 17 0.087501
32 18 0.031421
32 19 0.068230
32 20 -0.020955
32 21 -0.041775
32 22 0.094536
32 23 -0.033914
32 24 -0.061257
32 25 -0.106927
32 26 -0.098778
32 27 -0.047886
32 28 0.086331
32 29 -0.020164
32 30 -0.038621
32 31 -0.111362
32 32 0.060973
32 33 -0.090963
32 34 -0.030461
32 35 0.110515
32 36 0.032503
32 37 0.095265
32 38 0.027677
32 39 -0.083053
32 40 0.066661
32 41 0.049033
32 42 -0.019537
32 43 -0.003994
32 44 0.041907
32 45 0.080296
32 46 0.066060
32 47 0.110975
32 48 -0.015651
32 49 0.070267
32 50 0.005787
32 51 0.024150
32 52 -0.012383
32 53 0.063587
32 54 0.049360
32 55 0.110503
32 56 -0.052610
32 57 -0.042917
32 58 -0.006834
32 59 -0.015273
32 60 -0.033004
32 61 0.019418
32 62 -0.009572
32 63 -0.022571
32 64 0.026084
32 65 -0.044252
32 66 -0.096254
32 67 -0.084100
32 68 0.066733
32 69 -0.073414
32 70 -0.025351
32 71 0.048434
32 72 -0.014001
32 73 0.092687
32 74 -0.069766
32 75 -0.012305
32 76 -0.073825
32 77 0.110382
32 78 0.045697
32 79 -0.022105
32 80 0.092232
33 1 -0.041927
33 2 0.014171
33 3 -0.107657
33 4 0.085991
33 5 -0.065332
33 6 0.107882
33 7 0.036114
33 8 0.070537
33 9 0.006759
33 10 -0.025260
33 11 -0.041218
33 12 -0.095585
33 13 0.017468
33 14 -0.080968
33 15 -0.091496
33 16 -0.058752
33 17 -0.091503
33 18 -0.056446
33 19 -0.050928
33 20 0.068316
33 21 -0.101275
33 22 -0.042115
33 23 0.014233
33 24 0.098172
33 25 -0.029453
33 26 -0.092225
33 27 0.049461
33 28 -0.001926
33 29 -0.098051
33 30 0.052207
33 31 0.111165
33 32 0.092475
33 33 -0.067553
33 34 0.004771
33 35 -0.064757
33 36 -0.089984
33 37 -0.066307
33 38 -0.030801
33 39 -0.060593
33 40 0.070420
33 41 0.044475
33 42 -0.045712
33 43 -0.110511
33 44 0.077162
33 45 -0.067203
33 46 -0.101460
33 47 0.067794
33 48 0.044418
33 49 -0.005697
33 50 -0.044917
33 51 0.022330
33 52 -0.104687
33 53 -0.093753
33 54 0.073062
33 55 -0.025146
33 56 -0.004156
33 57 0.033940
33 58 0.078734
33 59 -0.058919
33 60 0.019054
33 61 0.073285
33 62 0.000920
33 63 -0.044858
33 64 0.085720
33 65 -0.010747
33 66 -0.052549
33 67 0.024293
33 68 -0.075023
33 69 -0.082803
33 70 -0.042495
33 71 0.083802
33 72 -0.079776
33 73 -0.094991
33 74 -0.062034
33 75 0.049578
33 76 0.054707
33 77 0.110533
33 78 0.063332
33 79 0.087884
33 80 -0.043737
34 1 0.044002
34 2 -0.034876
34 3 0.016943
34 4 -0.060939
34 5 -0.049004
34 6 -0.104862
34 7 -0.052343
34 8 0.098808
34 9 -0.049829
34 10 -0.042265
34 11 -0.042513
34 12 0.073288
34 13 0.105580
34 14 -0.005342
34 15 0.053640
34 16 -0.082691
34 17 0.092316
34 18 0.080901
34 19 0.015134
34 20 -0.051997
34 21 0.025359
34 22 -0.088246
34 23 0.006308
34 24 0.051393
34 25 0.055379
34 26 0.049538
34 27 0.049909
34 28 -0.048715
34 29 -0.036175
34 30 0.105465
34 31 -0.080007
34 32 0.068366
34 33 0.018575
34 34 -0.106586
34 35 -0.067010
34 36 -0.027508
34 37 0.040851
34 38 -0.094820
34 39 -0.056311
34 40 0.062328
34 41 -0.088609
34 42 -0.027887
34 43 0.068642
34 44 0.078660
34 45 0.035437
34 46 -0.054689
34 47 0.093206
34 48 0.003747
34 49 -0.036428
34 50 0.030985
34 51 0.028973
34 52 0.041322
34 53 0.014966
34 54 -0.082193
34 55 0.100358
34 56 0.026114
34 57 -0.049841
34 58 -0.027188
34 59 0.110155
34 60 -0.005588
34 61 -0.088497
34 62 -0.001902
34 63 -0.046795
34 64 0.083813
34 65 -0.096673
34 66 -0.036782
34 67 -0.041566
34 68 -0.076745
34 69 0.101745
34 70 0.028295
34 71 -0.098367
34 72 -0.006939
34 73 0.037240
34 74 -0.090260
34 75 0.107361
34 76 -0.043142
34 77 -0.067302
34 78 -0.030324
34 79 -0.057360
34 80 0.082665
35 1 0.050912
35 2 0.045682
35 3 -0.085903
35 4 -0.081419
35 5 0.018029
35 6 0.006542
35 7 -0.022019
35 8 0.075511
35 9 -0.095005
35 10 0.078071
35 11 0.094536
35 12 0.084255
35 13 -0.080666
35 14 -0.046590
35 15 0.077838
35 16 -0.004501
35 17 0.100912
35 18 0.045010
35 19 0.046954
35 20 -0.033556
35 21 0.085119
35 22 0.013648
35 23 0.093025
35 24 -0.004979
35 25 0.033252
35 26 0.010838
35 27 0.036990
35 28 0.042832
35 29 0.079064
35 30 0.024485
35 31 -0.101861
35 32 -0.080090
35 33 0.038127
35 34 0.023219
35 35 0.034775
35 36 0.029564
35 37 -0.032289
35 38 0.096928
35 39 0.043365
35 40 -0.054819
35 41 0.008730
35 42 -0.081376
35 43 0.101719
35 44 0.086436
35 45 0.072857
35 46 0.026628
35 47 -0.111326
35 48 -0.018240
35 49 -0.083199
35 50 -0.044085
35 51 0.026487
35 52 0.086885
35 53 -0.029045
35 54 0.030941
35 55 -0.073651
35 56 0.008197
35 57 -0.039587
35 58 -0.088780
35 59 0.067867
35 60 -0.057650
35 61 -0.053290
35 62 -0.073516
35 63 0.104252
35 64 -0.083673
35 65 -0.098198
35 66 0.050005
35 67 0.034346
35 68 -0.047847
35 69 0.065411
35 70 -0.103522
35 71 0.011316
35 72 -0.079734
35 73 -0.005013
35 74 -0.028945
35 75 0.011598
35 76 -0.072951
35 77 0.100913
35 78 -0.087704
35 79 -0.047034
35 80 0.101280
36 1 0.075596
36 2 -0.043833
36 3 0.042648
36 4 -0.071812
36 5 -0.038318
36 6 0.031053
36 7 0.064268
36 8 0.022836
36 9 -0.075519
36 10 -0.050144
36 11 0.091738
36 12 0.052394
36 13 -0.099518
36 14 0.030620
36 15 0.011335
36 16 -0.039844
36 17 0.038983
36 18 -0.089132
36 19 0.082137
36 20 0.014895
36 21 -0.015440
36 22 0.057403
36 23 0.111140
36 24 -0.089400
36 25 -0.095190
36 26 -0.055397
36 27 -0.051467
36 28 -0.110453
36 29 0.017764
36 30 -0.108502
36 31 -0.069995
36 32 -0.064174
36 33 0.062952
36 34 0.092658
36 35 0.063268
36 36 -0.052778
36 37 0.042736
36 38 -0.024729
36 39 0.063433
36 40 0.083719
36 41 0.025102
36 42 -0.007516
36 43 -0.067620
36 44 0.044851
36 45 -0.062651
36 46 -0.076325
36 47 0.060388
36 48 -0.110586
36 49 0.006427
36 50 0.018140
36 51 0.028807
36 52 -0.019296
36 53 0.065974
36 54 -0.081101
36 55 0.085578
36 56 0.038320
36 57 0.012140
36 58 0.043854
36 59 0.075551
36 60 -0.080574
36 61 0.028135
36 62 0.017967
36 63 -0.046636
36 64 -0.093150
36 65 -0.075215
36 66 -0.043421
36 67 0.074769
36 68 0.046760
36 69 0.016928
36 70 -0.036438
36 71 -0.005742
36 72 -0.054507
36 73 -0.014707
36 74 0.014298
36 75 -0.032533
36 76 0.007062
36 77 -0.094975
36 78 -0.026427
36 79 0.091953
36 80 0.101679
37 1 0.033111
37 2 -0.001979
37 3 -0.000328
37 4 0.090287
37 5 0.103639
37 6 0.088655
37 7 0.028836
37 8 0.016639
37 9 0.063288
37 10 -0.058963
37 11 0.051463
37 12 0.005296
37 13 0.048776
37 14 -0.111556
37 15 0.036868
37 16 0.015343
37 17 0.072408
37 18 0.069324
37 19 0.108024
37 20 0.064146
37 21 0.078174
37 22 -0.028674
37 23 -0.068368
37 24 -0.034236
37 25 0.031123
37 26 0.027004
37 27 -0.084589
37 28 -0.106212
37 29 0.056762
37 30 0.046653
37 31 0.073965
37 32 -0.030887
37 33 0.053955
37 34 -0.021547
37 35 0.048679
37 36 -0.026626
37 37 0.024557
37 38 -0.104282
37 39 -0.091080
37 40 -0.075786
37 41 0.008082
37 42 -0.006316
37 43 0.005602
37 44 -0.087411
37 45 -0.072028
37 46 -0.003053
37 47 0.047116
37 48 -0.103704
37 49 -0.036055
37 50 -0.088096
37 51 -0.109006
37 52 -0.081043
37 53 0.008626
37 54 -0.002281
37 55 0.101324
37 56 0.016950
37 57 0.066131
37 58 0.089425
37 59 -0.108582
37 60 -0.064139
37 61 -0.003722
37 62 -0.028930
37 63 0.022158
37 64 0.086933
37 65 -0.103848
37 66 0.017443
37 67 0.059891
37 68 0.062130
37 69 -0.058519
37 70 -0.005091
37 71 -0.093622
37 72 0.003898
37 73 -0.009222
37 74 -0.020616
37 75 0.080283
37 76 -0.043729
37 77 0.021754
37 78 0.076641
37 79 0.073082
37 80 -0.066162
38 1 -0.031319
38 2 -0.102332
38 3 -0.003770
38 4 -0.087367
38 5 -0.106532
38 6 -0.032293
38 7 -0.047219
38 8 0.021670
38 9 0.062639
38 10 0.105048
38 11 0.004398
38 12 -0.094182
38 13 -0.084140
38 14 0.091881
38 15 -0.095084
38 16 -0.069266
38 17 -0.068171
38 18 -0.025032
38 19 0.059569
38 20 -0.015981
38 21 0.015186
38 22 -0.106073
38 23 -0.034210
38 24 -0.038603
38 25 -0.081375
38 26 0.046849
38 27 0.103491
38 28 0.016486
38 29 -0.020534
38 30 0.018686
38 31 -0.010173
38 32 -0.084325
38 33 0.007850
38 34 0.053934
38 35 -0.016011
38 36 -0.021188
38 37 0.019206
38 38 -0.025604
38 39 0.010258
38 40 0.040174
38 41 0.016177
38 42 0.084523
38 43 -0.025873
38 44 0.027670
38 45 -0.060008
38 46 -0.073355
38 47 -0.036695
38 48 -0.085123
38 49 -0.002293
38 50 0.048197
38 51 -0.039281
38 52 -0.002645
38 53 -0.009514
38 54 -0.026118
38 55 0.064276
38 56 0.041790
38 57 0.072659
38 58 0.028215
38 59 -0.083514
38 60 -0.012568
38 61 0.019036
38 62 -0.035059
38 63 0.046184
38 64 -0.010359
38 65 -0.018847
38 66 -0.073746
38 67 -0.000648
38 68 -0.001573
38 69 -0.073888
38 70 -0.068784
38 71 0.041658
38 72 -0.013415
38 73 -0.035500
38 74 0.056019
38 75 0.086027
38 76 -0.038259
38 77 -0.065177
38 78 0.032772
38 79 0.002661
38 80 0.101020
39 1 0.078253
39 2 0.028606
39 3 0.069939
39 4 0.075860
39 5 -0.048455
39 6 0.093986
39 7 0.041174
39 8 0.107369
39 9 0.013412
39 10 -0.032002
39 11 -0.016999
39 12 -0.032729
39 13 -0.046051
39 14 -0.103105
39 15 0.063817
39 16 -0.057060
39 17 0.096161
39 18 -0.057721
39 19 0.080688
39 20 0.104221
39 21 0.051271
39 22 0.029779
39 23 -0.086026
39 24 -0.013746
39 25 -0.000307
39 26 -0.024228
39 27 -0.072571
39 28 -0.089145
39 29 0.023671
39 30 0.028624
39 31 -0.036293
39 32 -0.013650
39 33 -0.045268
39 34 -0.011581
39 35 0.085684
39 36 0.004111
39 37 -0.003874
39 38 -0.003816
39 39 -0.024229
39 40 -0.076726
39 41 0.062521
39 42 0.003762
39 43 -0.009940
39 44 0.033985
39 45 -0.081920
39 46 -0.057727
39 47 0.078741
39 48 0.014982
39 49 0.012142
39 50 -0.058808
39 51 -0.046204
39 52 0.020700
39 53 0.083238
39 54 -0.046632
39 55 -0.076991
39 56 0.012926
39 57 0.080688
39 58 0.072819
39 59 0.078430
39 60 0.011452
39 61 0.006291
39 62 0.016665
39 63 0.016423
39 64 -0.051119
39 65 -0.080580
39 66 0.022057
39 67 -0.086181
39 68 -0.050437
39 69 -0.031523
39 70 0.030530
39 71 -0.093594
39 72 0.053274
39 73 0.013928
39 74 -0.100606
39 75 -0.091495
39 76 0.046293
39 77 -0.041220
39 78 0.048162
39 79 -0.081332
39 80 0.028890
40 1 0.008835
40 2 -0.073901
40 3 -0.065466
40 4 -0.047178
40 5 -0.014258
40 6 -0.021539
40 7 -0.099736
40 8 -0.026994
40 9 0.102220
40 10 0.094208
40 11 0.010838
40 12 0.038439
40 13 -0.051243
40 14 0.085951
40 15 0.083859
40 16 0.080588
40 17 0.015301
40 18 0.030149
40 19 0.110246
40 20 0.047336
40 21 -0.078668
40 22 -0.028475
40 23 0.050792
40 24 0.109319
40 25 0.088856
40 26 0.082576
40 27 -0.065583
40 28 -0.046008
40 29 0.087192
40 30 0.049818
40 31 0.004087
40 32 0.043296
40 33 0.047860
40 34 0.057760
40 35 -0.086905
40 36 -0.109158
40 37 -0.016228
40 38 0.064517
40 39 -0.046128
40 40 0.037139
40 41 -0.056202
40 42 0.062563
40 43 0.001950
40 44 -0.051886
40 45 -0.024590
40 46 -0.056962
40 47 -0.014005
40 48 0.008453
40 49 -0.036805
40 50 0.100847
40 51 0.062676
40 52 -0.050435
40 53 0.049551
40 54 -0.064743
40 55 0.001426
40 56 0.049876
40 57 0.006044
40 58 -0.070603
40 59 0.107793
40 60 0.095339
40 61 0.000270
40 62 -0.007351
40 63 -0.037250
40 64 -0.012774
40 65 0.093050
40 66 0.075516
40 67 -0.055764
40 68 0.099954
40 69 0.091279
40 70 0.040413
40 71 0.004088
40 72 -0.047644
40 73 0.048428
40 74 0.091753
40 75 0.008364
40 76 -0.095856
40 77 -0.081873
40 78 -0.029900
40 79 0.064672
40 80 0.090571
41 1 0.106112
41 2 -0.078366
41 3 -0.010700
41 4 0.077514
41 5 0.033691
41 6 -0.048453
41 7 -0.083610
41 8 -0.027162
41 9 0.012095
41 10 0.031233
41 11 -0.110838
41 12 -0.021314
41 13 0.023622
41 14 -0.067917
41 15 -0.026652
41 16 0.075577
41 17 -0.043840
41 18 -0.020352
41 19 0.080086
41 20 -0.043296
41 21 0.071783
41 22 -0.035896
41 23 0.060444
41 24 -0.011109
41 25 0.056433
41 26 -0.008598
41 27 -0.067190
41 28 -0.009083
41 29 -0.032864
41 30 -0.016459
41 31 -0.018077
41 32 -0.078026
41 33 0.093539
41 34 -0.011458
41 35 0.102317
41 36 -0.071598
41 37 -0.095364
41 38 0.097544
41 39 -0.005786
41 40 0.008993
41 41 0.041792
41 42 -0.091911
41 43 -0.001738
41 44 -0.038662
41 45 0.104987
41 46 0.090529
41 47 -0.018493
41 48 -0.034004
41 49 0.013595
41 50 0.048498
41 51 0.029384
41 52 0.068599
41 53 0.012445
41 54 0.074843
41 55 0.006354
41 56 -0.094199
41 57 0.100816
41 58 0.092789
41 59 0.024663
41 60 0.016173
41 61 0.001629
41 62 0.034530
41 63 -0.088308
41 64 0.026938
41 65 -0.075810
41 66 0.081157
41 67 0.057075
41 68 0.052835
41 69 0.049903
41 70 -0.055667
41 71 0.051594
41 72 0.050285
41 73 0.046862
41 74 0.080856
41 75 0.001967
41 76 0.049023
41 77 0.111486
41 78 0.026349
41 79 -0.018547
41 80 -0.031755
42 1 0.109990
42 2 0.061664
42 3 0.009899
42 4 0.069330
42 5 0.015198
42 6 -0.076065
42 7 0.063174
42 8 0.001668
42 9 -0.005903
42 10 0.038453
42 11 -0.080757
42 12 0.071501
42 13 0.064241
42 14 0.050495
42 15 -0.013357
42 16 -0.027113
42 17 0.081768
42 18 0.023012
42 19 0.040976
42 20 -0.066135
42 21 -0.065729
42 22 -0.076566
42 23 0.074570
42 24 -0.018659
42 25 0.007603
42 26 -0.072350
42 27 0.041888
42 28 0.108356
42 29 0.111227
42 30 -0.071023
42 31 0.009891
42 32 -0.102877
42 33 -0.012006
42 34 0.096862
42 35 -0.068707
42 36 -0.020850
42 37 0.059237
42 38 0.049107
42 39 -0.051035
42 40 -0.073290
42 41 0.014185
42 42 0.052872
42 43 0.093662
42 44 0.038297
42 45 -0.054900
42 46 0.104394
42 47 0.101461
42 48 0.086793
42 49 -0.013213
42 50 0.028085
42 51 0.058974
42 52 0.055613
42 53 -0.021394
42 54 -0.033320
42 55 -0.005617
42 56 0.066089
42 57 0.020382
42 58 -0.081420
42 59 0.029366
42 60 0.091435
42 61 -0.064385
42 62 0.033631
42 63 -0.089868
42 64 -0.003300
42 65 -0.080787
42 66 -0.006499
42 67 -0.096723
42 68 0.007231
42 69 0.009802
42 70 -0.001923
42 71 0.098609
42 72 -0.029445
42 73 0.003480
42 74 -0.081581
42 75 0.043631
42 76 -0.102346
42 77 -0.058357
42 78 -0.076570
42 79 -0.020300
42 80 -0.100651
43 1 -0.018073
43 2 0.040635
43 3 0.099971
43 4 -0.106864
43 5 -0.095518
43 6 -0.046169
43 7 0.074772
43 8 -0.026109
43 9 -0.073012
43 10 0.011977
43 11 0.101559
43 12 0.087710
43 13 -0.079862
43 14 0.064335
43 15 -0.089200
43 16 -0.066361
43 17 -0.030576
43 18 -0.067868
43 19 0.073220
43 20 -0.032506
43 21 -0.006886
43 22 0.051612
43 23 0.062294
43 24 0.017106
43 25 0.033752
43 26 0.034599
43 27 0.035567
43 28 -0.061692
43 29 0.014978
43 30 -0.099880
43 31 0.034627
43 32 0.107043
43 33 0.012244
43 34 0.030403
43 35 -0.089350
43 36 0.029264
43 37 -0.033288
43 38 -0.047875
43 39 0.012767
43 40 -0.082186
43 41 -0.054327
43 42 -0.007112
43 43 0.056598
43 44 0.043050
43 45 0.063159
43 46 -0.100275
43 47 -0.015062
43 48 -0.034693
43 49 -0.019368
43 50 0.010842
43 51 0.004644
43 52 0.072981
43 53 0.088230
43 54 -0.042221
43 55 0.085679
43 56 0.064621
43 57 0.095380
43 58 -0.060375
43 59 0.016600
43 60 0.070860
43 61 -0.063008
43 62 -0.029902
43 63 0.097313
43 64 0.073733
43 65 0.076851
43 66 -0.096859
43 67 0.081766
43 68 0.006830
43 69 0.057909
43 70 -0.010699
43 71 -0.086235
43 72 -0.073540
43 73 -0.030585
43 74 -0.010235
43 75 0.023127
43 76 0.046116
43 77 0.059978
43 78 -0.088541
43 79 0.074351
43 80 -0.011960
44 1 -0.068777
44 2 -0.094717
44 3 -0.087168
44 4 -0.037358
44 5 -0.020846
44 6 -0.004803
44 7 0.062138
44 8 0.036530
44 9 -0.056955
44 10 -0.099221
44 11 -0.046733
44 12 0.012606
44 13 0.040641
44 14 -0.060131
44 15 -0.005463
44 16 -0.057812
44 17 0.033109
44 18 -0.007552
44 19 -0.049413
44 20 -0.068818
44 21 -0.035058
44 22 -0.088760
44 23 -0.093998
44 24 -0.047816
44 25 -0.107468
44 26 -0.012718
44 27 0.053807
44 28 0.109918
44 29 0.041450
44 30 -0.107287
44 31 0.069235
44 32 -0.083467
44 33 -0.084768
44 34 0.045477
44 35 0.037809
44 36 -0.083792
44 37 0.055514
44 38 0.045801
44 39 -0.089292
44 40 0.022749
44 41 0.060900
44 42 0.100522
44 43 -0.074244
44 44 0.068908
44 45 -0.038188
44 46 -0.041463
44 47 -0.075100
44 48 0.021597
44 49 0.100544
44 50 -0.054729
44 51 0.078022
44 52 0.052961
44 53 -0.075706
44 54 -0.077119
44 55 -0.093658
44 56 -0.090282
44 57 0.079952
44 58 0.011569
44 59 -0.055269
44 60 0.096386
44 61 -0.068526
44 62 -0.096719
44 63 -0.078206
44 64 -0.063640
44 65 0.090687
44 66 0.106962
44 67 -0.019121
44 68 0.076241
44 69 -0.041630
44 70 0.043506
44 71 0.022009
44 72 0.058042
44 73 0.057366
44 74 -0.058930
44 75 -0.014222
44 76 0.083708
44 77 -0.003744
44 78 0.095328
44 79 -0.110210
44 80 0.108101
45 1 0.097285
45 2 -0.065678
45 3 -0.050553
45 4 -0.005405
45 5 -0.024594
45 6 -0.004520
45 7 -0.037221
45 8 0.043228
45 9 0.059372
45 10 0.038495
45 11 -0.093401
45 12 -0.098433
45 13 -0.050006
45 14 -0.023304
45 15 -0.069560
45 16 -0.012578
45 17 -0.015647
45 18 -0.053637
45 19 0.037403
45 20 0.036791
45 21 0.015632
45 22 -0.048505
45 23 -0.104085
45 24 -0.107570
45 25 0.025052
45 26 -0.062054
45 27 0.095036
45 28 -0.031198
45 29 -0.039001
45 30 -0.029673
45 31 -0.013615
45 32 -0.022574
45 33 0.007917
45 34 -0.030372
45 35 0.039337
45 36 0.044461
45 37 0.041804
45 38 0.035639
45 39 -0.077567
45 40 0.029767
45 41 -0.030078
45 42 -0.043856
45 43 0.065737
45 44 0.069262
45 45 0.060137
45 46 0.052896
45 47 0.063364
45 48 -0.078416
45 49 0.105660
45 50 0.055970
45 51 -0.076771
45 52 -0.048715
45 53 0.068913
45 54 -0.037383
45 55 -0.026983
45 56 -0.037828
45 57 -0.012203
45 58 -0.091210
45 59 0.071256
45 60 -0.093982
45 61 -0.009270
45 62 0.060589
45 63 -0.016122
45 64 0.104333
45 65 0.014008
45 66 0.023174
45 67 -0.018362
45 68 0.030625
45 69 0.002025
45 70 0.037253
45 71 0.036151
45 72 -0.096776
45 73 0.026911
45 74 -0.044685
45 75 -0.018703
45 76 -0.019600
45 77 0.097991
45 78 -0.037516
45 79 -0.056127
45 80 0.111471
46 1 0.024812
46 2 0.011083
46 3 0.011454
46 4 -0.030194
46 5 0.037997
46 6 -0.016954
46 7 0.067758
46 8 -0.025706
46 9 0.090365
46 10 -0.063558
46 11 -0.060816
46 12 0.098684
46 13 0.014842
46 14 -0.086244
46 15 -0.057734
46 16 0.084554
46 17 0.035908
46 18 -0.041732
46 19 0.053192
46 20 -0.105514
46 21 0.021802
46 22 0.074973
46 23 -0.087298
46 24 -0.002828
46 25 0.048904
46 26 0.101828
46 27 0.093215
46 28 0.022584
46 29 -0.006645
46 30 0.007305
46 31 0.048328
46 32 -0.092923
46 33 -0.084159
46 34 0.042429
46 35 -0.111671
46 36 0.048967
46 37 0.003459
46 38 0.017723
46 39 0.102242
46 40 0.103973
46 41 0.018468
46 42 -0.101031
46 43 -0.028900
46 44 0.074474
46 45 0.044303
46 46 0.099526
46 47 -0.001215
46 48 -0.040067
46 49 -0.057753
46 50 0.084295
46 51 0.017309
46 52 -0.090462
46 53 -0.067453
46 54 -0.103459
46 55 -0.028900
46 56 -0.042269
46 57 0.096858
46 58 -0.093779
46 59 -0.069943
46 60 0.043326
46 61 0.059907
46 62 0.089029
46 63 -0.070985
46 64 0.038074
46 65 -0.022138
46 66 -0.043415
46 67 -0.004878
46 68 -0.028553
46 69 0.089648
46 70 0.066968
46 71 -0.024656
46 72 0.004824
46 73 0.000041
46 74 0.087467
46 75 -0.035544
46 76 0.018763
46 77 0.004874
46 78 -0.107643
46 79 0.074225
46 80 0.059675
47 1 -0.061349
47 2 0.017315
47 3 -0.111527
47 4 -0.058958
47 5 -0.041877
47 6 0.055042
47 7 -0.005742
47 8 0.006445
47 9 0.052276
47 10 -0.037782
47 11 -0.010098
47 12 0.028300
47 13 0.078750
47 14 0.107470
47 15 -0.007808
47 16 -0.005120
47 17 -0.017145
47 18 0.108619
47 19 0.074204
47 20 -0.074472
47 21 -0.043020
47 22 -0.088923
47 23 -0.090422
47 24 -0.037745
47 25 0.013181
47 26 0.003558
47 27 0.047741
47 28 -0.051190
47 29 0.046226
47 30 0.005325
47 31 -0.099274
47 32 0.091411
47 33 -0.050373
47 34 0.097378
47 35 0.014525
47 36 0.001917
47 37 -0.031639
47 38 0.083363
47 39 0.013958
47 40 -0.020419
47 41 -0.059607
47 42 -0.044806
47 43 0.000120
47 44 0.058362
47 45 -0.068611
47 46 -0.036832
47 47 -0.096959
47 48 0.079798
47 49 -0.055993
47 50 0.040594
47 51 -0.072033
47 52 -0.060737
47 53 -0.049776
47 54 -0.048601
47 55 0.033093
47 56 0.006222
47 57 0.013043
47 58 0.034251
47 59 -0.042197
47 60 0.045202
47 61 0.083717
47 62 0.013795
47 63 0.054712
47 64 -0.002992
47 65 0.078469
47 66 0.014222
47 67 0.038787
47 68 -0.103105
47 69 0.023617
47 70 -0.026638
47 71 -0.053149
47 72 0.064179
47 73 0.037904
47 74 -0.052566
47 75 0.030682
47 76 0.016386
47 77 0.009544
47 78 0.034132
47 79 -0.007835
47 80 -0.075438
48 1 -0.034502
48 2 -0.067759
48 3 0.109325
48 4 0.080566
48 5 -0.030129
48 6 -0.015955
48 7 0.103911
48 8 0.076000
48 9 0.104898
48 10 -0.000158
48 11 -0.003139
48 12 0.001571
48 13 -0.061387
48 14 -0.089164
48 15 -0.006524
48 16 0.020740
48 17 -0.049653
48 18 -0.078108
48 19 0.093889
48 20 -0.038120
48 21 -0.083462
48 22 -0.041507
48 23 -0.107138
48 24 0.001829
48 25 -0.090799
48 26 -0.009875
48 27 -0.077821
48 28 -0.012717
48 29 0.098985
48 30 0.000301
48 31 0.085701
48 32 0.008828
48 33 -0.067269
48 34 0.098654
48 35 0.012923
48 36 -0.057936
48 37 0.101419
48 38 0.110189
48 39 0.070385
48 40 -0.048305
48 41 -0.104597
48 42 -0.015181
48 43 -0.039325
48 44 0.036981
48 45 -0.076496
48 46 -0.105308
48 47 -0.061431
48 48 0.090730
48 49 0.021112
48 50 -0.046906
48 51 0.019727
48 52 0.088650
48 53 -0.098644
48 54 -0.005555
48 55 -0.107577
48 56 0.098952
48 57 0.049949
48 58 0.015844
48 59 -0.027359
48 60 0.063645
48 61 -0.027517
48 62 -0.047835
48 63 -0.039348
48 64 0.068473
48 65 -0.017401
48 66 -0.069169
48 67 -0.101928
48 68 0.029879
48 69 0.020170
48 70 0.021121
48 71 -0.040165
48 72 -0.049783
48 73 0.061808
48 74 0.101264
48 75 0.010253
48 76 -0.030443
48 77 -0.079145
48 78 0.104913
48 79 -0.043874
48 80 -0.022191
49 1 0.002248
49 2 -0.016529
49 3 -0.085034
49 4 -0.051224
49 5 0.098015
49 6 0.032298
49 7 0.013755
49 8 0.042478
49 9 -0.080547
49 10 -0.100577
49 11 0.034632
49 12 0.037413
49 13 0.047280
49 14 -0.021873
49 15 0.097305
49 16 -0.020634
49 17 0.104384
49 18 -0.049093
49 19 -0.051317
49 20 0.021135
49 21 0.038751
49 22 0.111099
49 23 -0.091282
49 24 0.044320
49 25 0.067540
49 26 -0.080681
49 27 0.089995
49 28 -0.018329
49 29 0.002471
49 30 -0.041296
49 31 0.003449
49 32 -0.102051
49 33 -0.030926
49 34 0.080165
49 35 -0.067887
49 36 -0.027533
49 37 0.062631
49 38 -0.033300
49 39 -0.026213
49 40 -0.064307
49 41 0.024136
49 42 -0.110986
49 43 -0.026891
49 44 -0.005066
49 45 -0.088454
49 46 0.005451
49 47 -0.080957
49 48 0.089883
49 49 0.093300
49 50 0.062314
49 51 0.018903
49 52 -0.037456
49 53 0.055576
49 54 -0.021654
49 55 -0.056716
49 56 -0.110045
49 57 0.088575
49 58 -0.070857
49 59 -0.089686
49 60 -0.100237
49 61 0.013227
49 62 0.107776
49 63 0.103120
49 64 0.052857
49 65 -0.054803
49 66 0.021538
49 67 -0.091717
49 68 0.093600
49 69 0.048306
49 70 0.022502
49 71 -0.022206
49 72 0.036547
49 73 -0.041075
49 74 -0.075109
49 75 -0.078964
49 76 0.075159
49 77 0.087867
49 78 0.032525
49 79 0.086106
49 80 0.021881
50 1 -0.073362
50 2 0.082911
50 3 -0.040632
50 4 -0.009381
50 5 -0.051606
50 6 0.084714
50 7 0.050426
50 8 -0.052604
50 9 0.076870
50 10 -0.022056
50 11 -0.048823
50 12 -0.085299
50 13 -0.035890
50 14 -0.106369
50 15 0.087437
50 16 -0.102905
50 17 0.078700
50 18 0.082199
50 19 -0.017480
50 20 -0.016594
50 21 -0.044886
50 22 0.069605
50 23 0.015491
50 24 0.040361
50 25 0.035948
50 26 0.063385
50 27 0.107279
50 28 -0.036570
50 29 0.077721
50 30 -0.080044
50 31 -0.021866
50 32 0.026824
50 33 0.042903
50 34 -0.091071
50 35 -0.024285
50 36 0.027654
50 37 0.025116
50 38 -0.072815
50 39 0.041465
50 40 0.045748
50 41 -0.049065
50 42 -0.029940
50 43 0.100452
50 44 0.107938
50 45 0.096105
50 46 0.025549
50 47 -0.026467
50 48 0.068405
50 49 0.074802
50 50 0.100396
50 51 -0.065902
50 52 0.065008
50 53 0.034323
50 54 -0.109189
50 55 0.027850
50 56 -0.100240
50 57 -0.038089
50 58 -0.011321
50 59 0.043803
50 60 0.097590
50 61 0.086520
50 62 -0.111238
50 63 0.012076
50 64 -0.079832
50 65 0.104606
50 66 -0.039425
50 67 -0.088450
50 68 0.102368
50 69 0.078817
50 70 0.098092
50 71 -0.107658
50 72 0.075071
50 73 0.006405
50 74 0.050557
50 75 -0.010985
50 76 0.056584
50 77 -0.103204
50 78 -0.087277
50 79 0.102860
50 80 -0.084418
