1 1 0.032862
1 2 -0.064585
1 3 -2.656609
1 4 -0.121453
1 5 0.098227
1 6 -0.245170
1 7 -0.037300
1 8 -1.413905
1 9 -0.035072
1 10 0.043251
1 11 -2.663329
1 12 -0.493262
1 13 0.017283
1 14 -0.899829
1 15 -1.264717
1 16 -0.074941
1 17 -1.892056
1 18 -2.010148
1 19 0.101975
1 20 -0.541383
1 21 0.061761
1 22 -0.511956
1 23 0.057973
1 24 0.057972
1 25 -0.926915
1 26 -0.024351
1 27 0.109777
1 28 -1.471932
1 29 0.000086
1 30 -0.002157
1 31 0.050236
1 32 0.096104
1 33 -0.011276
1 34 0.063726
1 35 0.049978
1 36 -1.509328
1 37 -0.107810
1 38 0.014301
1 39 -1.389800
1 40 -0.276468
1 41 0.077131
1 42 -2.943711
1 43 0.020352
1 44 0.058870
1 45 -0.015331
1 46 0.057725
1 47 -0.121750
1 48 -1.370590
1 49 0.089519
1 50 -0.214044
1 51 0.043279
1 52 0.084147
1 53 -0.508486
1 54 -0.083912
1 55 0.088566
1 56 -2.097514
1 57 -0.499679
1 58 0.011013
1 59 -0.089847
1 60 0.098249
1 61 -2.243806
1 62 0.039503
1 63 0.029791
1 64 -2.994094
1 65 0.066614
1 66 0.109727
1 67 0.087203
1 68 -0.159564
1 69 0.068803
1 70 0.087897
1 71 -0.064723
1 72 -0.050341
1 73 -0.000752
1 74 -1.038353
1 75 0.049404
1 76 -2.122423
1 77 0.047205
1 78 -0.054253
1 79 -0.096769
1 80 -3.334459
