1 1 22.000919
1 2 -22.257210
1 3 -23.798046
1 4 -21.427663
1 5 24.711963
1 6 -21.655587
1 7 -22.184017
1 8 -22.491102
1 9 -21.324003
1 10 24.131860
1 11 -22.907499
1 12 -23.146768
1 13 22.677859
1 14 -21.584309
1 15 -21.135984
1 16 -22.061148
1 17 -24.164171
1 18 -23.379659
1 19 23.006601
1 20 -23.793328
1 21 22.678808
1 22 20.666178
1 23 21.859782
1 24 22.970852
1 25 -22.887424
1 26 23.648775
1 27 23.674919
1 28 -23.817447
1 29 22.910834
1 30 22.880241
1 31 23.497726
1 32 23.727988
1 33 23.840736
1 34 23.291725
1 35 22.488546
1 36 -22.329369
1 37 -23.128046
1 38 24.211776
1 39 -23.500417
1 40 -22.271234
1 41 25.096380
1 42 -24.033079
1 43 21.995446
1 44 23.053486
1 45 21.814557
1 46 22.584682
1 47 21.941269
1 48 -23.717176
1 49 21.048343
1 50 22.507510
1 51 22.625778
1 52 24.085500
1 53 -21.273919
1 54 22.809978
1 55 23.751965
1 56 -22.944814
1 57 -22.649643
1 58 22.321066
1 59 -21.963004
1 60 23.956045
1 61 -23.642585
1 62 20.350791
1 63 -21.488663
1 64 -24.837306
1 65 24.444336
1 66 23.915241
1 67 23.795884
1 68 -23.159790
1 69 23.024967
1 70 22.666899
1 71 22.393085
1 72 21.997519
1 73 20.989460
1 74 -21.967126
1 75 -23.943371
1 76 -23.032135
1 77 24.357677
1 78 -23.178955
1 79 -23.851283
1 80 -24.152477
