1 1 0.007802
1 2 900.009517
1 3 2.653459
1 4 0.095417
1 5 -0.068117
1 6 -0.558075
1 7 0.030140
1 8 2.072651
1 9 464.490661
1 10 0.362080
1 11 75.993201
1 12 23.874299
1 13 1.545014
1 14 0.779912
1 15 1.816666
1 16 2.779887
1 17 0.663474
1 18 45.433221
1 19 0.043290
1 20 0.263140
1 21 0.001328
1 22 0.358746
1 23 0.172234
1 24 380.595372
1 25 1.109539
1 26 -0.146029
1 27 0.077675
1 28 0.884703
1 29 2.049630
1 30 221.306279
1 31 435.898522
1 32 133.191418
1 33 0.854856
1 34 58.168206
1 35 0.831394
1 36 1.920580
1 37 2.959548
1 38 52.416312
1 39 1.042234
1 40 0.236149
1 41 90.181639
1 42 3.506717
1 43 -0.121368
1 44 4.994993
1 45 2.681215
1 46 0.027706
1 47 0.194067
1 48 1.702129
1 49 0.068654
1 50 -0.208954
1 51 118.705270
1 52 332.735542
1 53 0.951518
1 54 0.242618
1 55 0.049088
1 56 2.488948
1 57 0.777754
1 58 98.363580
1 59 924.565398
1 60 0.129933
1 61 2.531379
1 62 5.688281
1 63 1.128738
1 64 3.333376
1 65 0.191135
1 66 2.242748
1 67 14.214384
1 68 -0.034390
1 69 -0.129766
1 70 0.063336
1 71 378.429031
1 72 0.070614
1 73 113.288693
1 74 0.993656
1 75 3.382824
1 76 1.803233
1 77 28.739189
1 78 630.461959
1 79 160.587129
1 80 3.862648
